298
292
290
286
280
278
279
282
284
285
287
289
292
292
292
269
286
279
276
308
282
283
277
287
289
291
291
295
289
286
280
280
278
283
280
283
286
289
290
291
291
290
286
280
277
278
281
283
284
287
289
291
292
291
290
286
280
279
278
280
282
284
287
289
291
292
295
273
313
281
260
278
282
283
285
287
289
292
292
292
291
287
281
277
278
281
282
284
285
288
290
292
292
290
287
281
277
278
281
282
284
286
288
290
292
291
290
287
281
277
277
280
283
285
286
289
292
292
292
292
288
280
278
278
282
290
284
286
290
290
295
292
290
288
282
279
278
280
282
292
285
288
291
296
286
290
288
282
278
278
279
282
283
285
288
291
292
292
291
290
283
278
277
279
282
284
285
287
290
292
292
291
290
284
280
280
279
277
264
286
289
291
293
292
296
289
284
279
279
280
266
284
286
288
290
292
292
302
289
283
278
276
279
282
283
285
287
290
292
291
291
288
282
278
277
279
281
283
285
288
290
292
292
291
289
284
278
277
278
280
283
285
288
290
292
288
291
290
285
280
277
278
282
282
284
286
289
290
293
291
288
286
280
276
290
282
283
284
288
289
291
292
291
290
285
280
278
279
282
284
285
288
290
292
292
292
289
285
280
278
279
281
283
284
286
289
290
288
296
291
286
281
278
279
281
283
285
296
291
293
295
293
291
287
280
278
274
278
274
284
286
289
291
292
292
290
287
281
278
279
282
283
284
286
289
291
291
291
290
286
280
277
278
281
282
284
285
288
291
292
291
289
288
281
277
293
283
282
284
286
289
291
292
293
291
288
280
278
278
281
288
282
283
285
284
292
292
291
288
282
278
278
280
283
284
286
289
292
293
293
291
288
282
278
278
279
282
283
285
288
290
293
292
291
288
282
278
279
301
283
283
285
288
290
292
293
292
289
283
279
270
280
282
288
286
287
287
266
293
291
288
283
278
277
280
282
283
286
288
291
291
292
291
289
283
278
277
279
281
284
285
288
289
290
292
291
290
284
278
276
279
280
282
285
283
273
295
272
299
290
284
279
277
280
281
272
284
287
289
291
292
292
288
289
279
277
280
282
284
284
287
290
292
292
291
289
285
280
278
280
281
283
285
287
290
291
291
291
291
286
280
278
279
281
282
283
285
291
293
294
293
290
286
280
278
279
256
283
285
287
289
292
292
291
290
286
281
287
280
281
283
285
288
290
292
293
293
291
288
282
278
279
281
283
284
286
289
291
292
291
291
286
280
277
278
280
283
283
285
289
291
291
290
290
276
264
276
277
282
282
289
283
289
291
292
293
279
287
280
277
278
281
281
281
293
289
291
292
291
290
287
280
278
279
281
282
283
286
289
290
292
292
291
288
282
277
278
279
281
283
286
288
291
292
292
291
278
302
298
285
284
282
284
286
288
290
292
289
291
288
283
279
278
281
282
281
287
287
292
293
293
291
289
283
280
279
281
283
285
286
288
291
292
292
292
289
282
278
277
280
283
284
286
288
291
292
292
292
290
283
278
277
280
283
278
279
288
291
291
308
291
288
282
277
276
278
280
284
284
288
290
291
293
290
308
283
278
278
279
281
283
284
287
290
291
292
291
289
284
279
277
280
283
284
285
287
290
292
292
290
289
284
279
277
279
282
287
301
288
291
269
292
289
289
285
279
277
279
282
284
284
286
289
291
292
292
298
286
279
277
278
281
282
284
287
290
291
293
292
291
286
280
277
279
281
283
284
287
289
291
293
293
291
286
280
277
279
281
283
285
287
289
292
292
299
291
286
280
278
279
280
282
284
286
289
292
296
291
290
311
