291
293
297
298
298
298
295
290
285
284
287
285
310
292
294
296
298
299
295
297
292
286
285
302
289
291
293
295
297
300
301
294
295
292
286
284
286
288
290
291
294
296
298
298
298
296
292
285
283
285
286
288
289
292
294
298
298
297
296
292
285
283
284
286
288
290
293
293
305
305
278
294
293
286
285
286
288
289
291
293
296
298
299
299
296
294
288
286
285
288
290
291
293
296
298
299
298
297
295
288
285
284
287
289
290
292
294
297
298
298
297
295
290
285
284
287
288
290
292
295
297
297
301
294
296
290
284
284
286
288
283
292
295
297
299
299
290
298
291
286
284
284
294
290
291
294
297
299
299
298
297
291
286
284
285
288
289
290
293
297
298
298
297
296
291
285
283
284
287
288
290
292
296
298
299
296
294
293
285
278
285
289
288
291
306
298
299
299
298
297
293
287
283
285
287
288
290
293
303
297
299
298
297
293
288
284
284
287
289
291
293
296
298
300
299
298
295
288
284
284
286
288
289
291
294
298
300
299
298
295
289
298
275
258
288
289
290
294
297
298
298
298
295
290
286
284
286
288
290
289
292
312
314
298
297
296
290
285
284
286
289
290
292
295
297
299
299
298
296
292
285
283
285
287
290
291
293
296
298
298
298
296
292
286
283
285
288
288
290
296
305
297
297
301
295
291
284
283
284
287
289
289
294
294
296
297
298
298
290
300
283
285
287
289
290
292
295
297
298
297
297
294
287
284
284
287
289
289
292
295
297
298
298
297
293
288
284
285
287
289
291
285
289
292
294
304
308
294
288
284
283
286
288
294
291
294
296
298
299
298
295
299
286
284
286
287
289
291
294
297
298
299
298
296
291
286
284
286
288
289
291
293
297
298
299
299
297
292
286
284
285
288
289
292
293
295
297
298
298
288
272
285
283
284
289
289
290
292
295
296
297
297
294
285
284
282
285
288
286
301
292
296
298
299
299
297
293
286
284
284
286
288
290
292
296
298
298
298
296
293
286
283
285
288
288
290
293
295
297
297
298
302
271
284
285
284
286
289
293
292
294
298
299
299
291
295
290
285
284
287
289
296
288
294
297
298
298
297
295
289
285
284
287
288
290
292
295
297
299
299
298
295
291
286
284
286
288
290
291
294
296
298
300
297
296
292
286
286
285
293
290
291
293
297
298
298
280
297
292
286
284
285
299
288
288
292
294
296
297
304
296
292
286
283
285
287
288
290
292
295
298
298
299
298
293
286
284
284
286
288
289
291
294
296
298
298
297
294
287
284
285
282
296
304
291
294
298
298
298
297
294
287
287
284
288
290
284
291
294
295
298
290
303
295
290
284
284
286
289
290
292
294
297
298
299
299
296
289
284
284
286
288
289
291
294
298
299
299
298
296
291
286
285
287
288
289
291
292
297
298
299
298
296
291
286
284
286
287
300
291
294
296
298
297
296
290
283
275
278
296
286
288
290
292
295
297
298
297
295
291
285
283
284
288
289
290
292
295
297
298
298
296
293
286
283
285
287
289
290
293
297
298
301
294
296
294
287
284
285
296
290
290
292
296
303
299
299
298
295
289
285
275
303
289
290
292
295
297
298
298
298
296
290
285
284
286
288
290
291
294
296
298
298
297
296
290
286
284
286
288
290
292
293
295
297
298
298
295
292
278
307
276
279
290
290
293
297
298
299
298
297
291
285
283
285
288
288
288
293
296
298
299
299
297
292
286
283
285
287
289
290
293
297
298
298
298
296
292
285
283
284
287
288
291
293
296
297
298
298
296
295
284
283
284
288
289
290
292
295
298
298
298
297
295
288
284
284
286
288
283
