440
443
448
451
451
447
440
432
429
433
438
439
442
444
464
453
437
438
431
431
434
437
439
443
451
450
450
447
439
432
433
436
440
440
444
448
451
449
446
437
443
434
452
463
442
446
450
450
449
446
436
432
433
436
439
441
445
449
450
449
444
436
432
434
436
439
443
443
432
458
450
443
434
429
433
437
439
442
447
450
451
448
442
434
432
435
439
441
444
449
452
452
447
455
431
430
431
440
441
444
449
451
451
447
439
432
432
435
439
440
445
450
451
449
444
436
430
432
436
438
440
445
450
450
444
444
436
430
432
438
439
441
445
449
451
448
444
434
430
434
437
439
441
446
450
452
449
443
435
431
440
433
439
443
448
450
451
448
442
434
431
435
438
440
443
446
449
450
447
440
433
431
435
436
440
442
448
449
450
446
439
432
432
437
439
441
450
449
452
450
446
438
431
432
437
440
441
445
448
453
451
446
438
428
418
426
438
441
445
449
450
448
442
434
430
434
436
439
441
446
450
451
450
443
434
430
434
438
439
443
447
451
447
464
444
433
431
437
440
440
444
448
452
451
447
441
434
432
436
439
430
443
448
451
451
447
439
432
432
436
434
441
445
449
451
450
446
437
432
434
438
441
442
445
449
451
450
446
437
433
435
439
440
444
448
450
454
441
445
435
432
432
438
439
442
447
450
451
449
443
434
430
433
437
439
442
447
450
450
447
440
430
434
442
438
440
442
447
451
450
447
440
432
431
435
438
440
444
450
452
450
447
439
432
432
436
439
441
445
449
450
454
450
442
435
433
436
439
441
445
449
463
450
445
437
431
433
437
439
420
446
449
451
448
444
434
430
434
433
438
432
446
449
450
447
442
434
431
434
437
439
442
447
450
451
449
441
433
431
435
439
439
443
446
441
464
445
438
431
429
435
438
439
443
433
449
449
446
438
431
431
436
428
440
443
447
450
448
445
436
401
447
419
440
441
444
449
450
448
445
436
430
434
436
438
441
445
449
450
448
443
435
431
433
437
438
440
444
449
449
446
448
451
429
433
436
437
441
445
448
456
446
441
433
430
433
437
439
443
447
450
449
448
438
432
431
434
437
445
462
449
451
450
446
438
431
432
437
439
441
444
449
450
449
446
436
430
432
435
439
441
445
449
448
463
464
433
429
432
436
434
442
445
450
451
448
443
434
430
433
437
439
442
447
450
451
449
442
433
430
433
437
437
443
447
450
450
448
441
433
432
435
438
441
444
447
451
451
448
441
433
432
435
438
441
443
447
449
448
448
438
421
432
434
435
440
443
448
451
450
447
438
433
434
436
439
433
446
450
450
450
445
436
431
434
438
440
434
446
451
451
450
445
435
430
432
436
439
441
445
449
450
447
441
433
430
433
437
438
442
446
450
447
443
416
432
430
434
437
440
443
447
451
451
449
440
433
432
436
459
441
445
448
450
450
447
439
432
432
437
460
441
445
449
451
449
446
438
431
431
436
438
440
444
449
450
449
445
435
431
434
437
439
442
446
450
451
450
445
439
422
434
439
440
443
447
451
451
449
443
434
449
435
438
440
442
447
450
450
447
440
431
429
430
437
438
440
441
447
448
445
437
431
429
433
437
439
443
447
450
449
445
437
431
431
436
439
440
444
450
453
452
444
434
431
433
437
439
441
445
452
452
450
445
434
431
432
436
440
442
445
450
451
450
445
436
431
434
438
438
464
447
451
451
449
444
435
432
435
438
441
444
448
451
452
449
442
434
433
436
440
441
443
447
451
451
448
440
441
427
450
439
441
444
473
451
450
447
438
432
433
436
456
440
445
449
450
449
445
435
