454
448
440
442
444
447
449
459
455
458
458
454
446
439
438
442
445
447
452
457
458
458
454
445
439
440
444
446
448
452
457
459
456
453
445
430
438
443
447
449
453
455
459
476
453
445
439
441
445
447
449
454
458
459
457
455
444
440
441
446
447
450
443
443
467
457
452
443
438
442
446
447
450
454
458
460
457
452
443
440
442
447
449
452
456
459
459
458
436
422
434
443
446
448
475
455
457
459
456
448
440
438
455
445
447
451
455
458
457
455
472
439
439
442
446
451
443
451
458
457
454
446
439
439
443
447
448
452
457
459
458
455
446
440
441
445
448
449
453
458
459
457
454
447
438
433
442
441
449
453
458
460
457
453
444
439
441
445
447
449
457
457
458
455
452
443
439
442
446
448
452
438
459
468
457
451
443
439
443
447
448
452
456
459
459
457
451
442
439
443
447
448
451
456
459
459
456
448
418
422
465
456
446
451
454
458
457
454
447
439
438
442
444
460
451
456
457
457
454
447
439
439
443
444
452
451
456
459
457
454
446
439
441
444
446
448
452
457
459
458
454
447
440
441
445
446
447
451
456
458
457
452
443
439
441
442
450
449
452
456
459
456
476
443
438
439
445
447
450
454
473
459
457
451
443
438
441
446
456
448
453
457
453
457
451
442
439
442
446
448
450
455
458
458
455
448
440
438
442
445
447
450
455
458
458
456
447
440
438
442
445
447
451
456
457
457
454
447
440
440
443
446
449
455
457
459
457
455
446
439
440
441
447
448
454
441
458
458
454
446
439
440
444
447
449
452
457
459
458
453
445
440
440
445
446
448
452
457
458
456
452
444
437
438
427
450
449
454
457
437
460
452
444
439
442
446
449
451
456
459
461
458
452
442
443
443
447
447
450
456
460
471
455
449
440
437
441
446
447
450
455
458
458
455
447
439
439
442
446
447
452
456
459
458
455
446
440
444
441
446
448
461
441
459
458
454
446
440
440
458
447
448
452
457
472
458
454
449
439
439
444
446
449
453
456
458
457
454
445
439
440
444
446
448
452
457
459
457
454
445
439
441
445
447
450
454
458
459
457
453
445
438
445
443
449
451
454
458
460
458
453
443
437
442
445
447
451
454
458
458
456
450
441
437
441
445
446
449
464
449
464
469
448
440
438
442
446
447
452
455
458
458
456
447
440
439
443
446
448
452
457
460
459
454
445
437
439
445
446
449
451
456
459
458
454
444
440
440
444
446
448
452
457
462
458
454
446
439
439
444
448
461
452
458
461
457
452
444
438
440
444
447
449
453
458
460
458
454
445
441
443
447
448
451
455
458
460
457
452
443
438
442
448
455
456
455
459
459
456
450
441
438
441
445
447
449
454
458
457
455
448
439
442
442
444
447
450
455
458
457
445
464
440
438
442
446
447
451
457
459
458
455
447
440
440
444
447
449
452
457
460
459
455
448
441
442
447
434
446
452
458
459
458
455
443
439
440
444
446
449
451
456
459
457
453
444
438
440
444
447
449
456
455
463
449
453
445
439
441
445
447
451
455
459
460
458
452
442
439
442
446
448
451
455
458
459
457
450
442
438
442
445
441
431
437
466
457
455
448
440
437
442
445
456
450
455
458
458
456
448
440
439
442
446
447
451
456
459
457
452
447
451
439
444
447
449
452
457
459
458
457
447
441
440
444
447
449
452
457
459
459
455
447
440
441
451
442
443
426
459
459
457
454
445
439
440
443
447
449
452
470
458
458
454
449
440
441
445
448
451
454
461
461
436
457
443
439
441
445
448
450
455
459
460
457
452
442
439
441
446
448
451
455
457
458
456
450
441
439
443
