476
477
476
476
476
477
476
475
480
482
476
476
476
476
476
476
476
477
477
476
476
476
476
476
476
476
476
476
477
476
476
477
477
476
476
476
476
476
476
476
476
475
478
476
471
476
476
476
476
476
476
476
476
476
476
476
476
476
476
478
475
469
476
476
476
476
476
476
476
477
476
476
475
476
476
476
476
478
476
477
476
477
476
476
476
476
476
476
476
476
476
481
499
476
476
476
478
483
479
476
476
476
476
476
477
477
476
477
477
476
476
476
477
476
476
476
478
474
474
476
476
476
476
476
476
476
479
476
477
476
476
476
465
476
476
476
476
476
476
477
476
477
476
476
476
476
476
476
477
477
476
474
477
485
476
476
476
476
476
476
476
476
476
476
477
476
476
476
473
475
492
480
477
476
476
476
476
476
476
477
476
457
477
476
476
476
476
476
476
476
476
477
476
476
476
476
476
476
476
477
477
456
476
476
476
477
479
494
476
476
477
477
477
476
476
476
476
477
476
476
476
476
476
475
475
476
477
475
476
476
475
476
476
476
476
476
476
476
476
476
476
471
476
476
476
475
476
477
477
477
476
476
476
476
476
476
481
476
476
477
479
479
465
476
476
476
476
476
477
476
477
476
476
477
476
476
478
478
477
459
477
494
476
476
476
477
476
476
475
476
476
484
476
476
476
476
487
476
476
476
476
477
476
476
476
476
476
476
476
477
478
471
474
476
469
472
476
476
477
475
476
477
477
476
476
476
476
476
476
476
476
477
478
475
485
478
466
476
476
476
476
476
476
475
476
476
476
477
476
476
475
476
476
476
476
478
476
476
476
477
476
476
476
476
476
476
476
476
474
483
467
490
476
476
476
476
476
476
477
476
476
477
477
476
476
477
476
460
477
476
458
476
476
476
476
476
476
476
476
476
476
476
477
476
477
473
477
476
476
476
464
476
475
476
476
476
476
476
476
478
476
477
473
483
476
476
476
476
476
477
477
476
476
476
476
476
476
476
476
476
478
478
461
493
479
474
476
476
476
476
476
477
476
476
476
477
476
476
476
476
476
476
477
477
476
476
476
478
477
476
476
476
476
476
475
476
477
476
483
503
476
476
476
476
476
476
477
477
476
476
476
477
476
473
474
479
465
475
476
475
488
477
476
476
476
476
476
476
476
476
477
477
476
476
476
476
476
476
476
476
476
476
476
476
476
476
476
476
476
479
446
485
461
476
476
476
476
476
477
477
476
476
476
476
476
476
476
476
476
474
480
457
476
476
472
476
476
476
476
476
476
476
476
476
483
476
476
476
476
466
476
476
476
476
476
476
476
477
476
475
476
476
476
475
476
477
477
480
476
476
476
476
476
476
477
476
476
477
477
477
476
478
477
472
469
467
476
476
474
476
477
476
477
476
476
476
476
476
476
494
477
476
476
476
476
476
476
476
476
475
477
476
476
476
476
476
476
478
473
476
450
468
476
476
476
476
476
476
477
476
476
476
476
476
476
476
476
476
481
462
463
476
476
477
477
476
476
476
476
476
476
476
476
477
476
476
476
476
447
476
476
476
476
474
476
476
476
476
476
476
476
476
475
477
479
477
491
476
476
476
476
476
476
476
476
477
476
476
476
477
476
477
491
476
475
476
476
476
453
476
476
476
476
476
476
476
476
476
476
482
476
476
476
476
476
476
476
476
476
476
475
476
477
476
477
476
477
465
476
476
476
476
476
476
475
476
476
476
476
476
476
476
476
476
476
476
476
488
477
472
476
476
476
477
476
476
476
476
476
476
473
476
476
476
476
476
476
476
476
476
476
476
476
474
476
473
476
476
476
475
