506
507
507
507
507
507
506
507
507
507
507
506
507
507
507
507
520
507
507
506
506
502
513
507
507
507
507
507
508
508
507
507
507
507
507
507
507
506
508
505
508
507
508
507
507
507
507
507
506
507
507
507
507
507
507
507
493
506
507
507
503
507
507
507
507
507
507
507
507
507
507
515
507
507
508
513
504
491
507
507
507
507
507
507
507
507
507
507
507
507
507
507
503
524
507
515
504
507
507
507
507
507
507
507
507
507
507
507
507
507
507
507
507
507
507
501
507
507
507
507
507
506
507
507
507
498
504
507
511
496
507
507
507
507
507
507
507
507
507
507
507
507
506
507
507
507
506
506
525
503
506
507
507
507
507
507
507
506
507
507
507
507
507
507
507
508
507
506
507
507
507
507
507
507
507
507
506
507
507
508
507
507
506
507
495
512
503
507
507
507
507
507
507
507
508
507
507
507
507
512
505
511
487
507
507
499
504
507
507
507
507
507
507
507
507
507
507
507
507
507
516
507
507
507
506
510
507
506
507
507
507
507
507
506
506
507
494
502
491
507
507
507
507
506
507
507
507
507
507
507
507
507
507
507
507
508
511
481
507
507
507
507
507
506
507
507
507
511
506
507
507
507
507
507
506
506
507
507
506
507
507
507
509
507
507
506
507
506
507
508
501
506
513
488
507
506
507
507
506
507
507
507
507
507
507
508
507
506
515
499
505
507
507
507
512
514
507
506
507
507
507
507
507
506
507
505
507
506
507
504
507
507
507
507
507
507
506
507
506
507
506
507
507
503
507
499
507
507
506
506
507
507
507
507
507
506
506
506
506
506
507
507
507
511
509
534
507
507
506
513
507
507
507
507
507
507
508
507
506
506
506
507
507
506
507
506
507
506
506
505
507
507
506
506
506
506
507
506
511
506
513
523
507
507
506
506
506
506
507
507
506
507
507
507
505
505
505
514
507
507
506
507
506
506
506
509
506
507
506
506
506
506
507
507
507
507
506
506
499
506
506
507
507
506
520
508
506
507
507
506
506
507
514
506
506
506
506
506
506
506
506
506
507
506
506
506
506
507
505
508
506
506
497
483
506
507
506
506
501
502
506
506
506
506
506
509
506
506
507
507
506
506
506
507
507
507
506
506
505
507
507
506
506
507
505
508
509
503
507
506
506
506
506
506
506
506
506
507
506
506
506
506
505
509
502
477
506
506
506
506
506
506
506
507
499
507
506
506
506
506
506
506
506
507
503
506
506
505
506
506
507
506
506
506
506
507
506
505
507
504
510
492
506
506
506
506
506
506
507
506
506
507
506
506
506
506
505
507
507
506
511
506
507
506
506
506
505
490
506
506
506
506
507
507
508
506
506
506
513
506
506
506
506
506
506
506
506
506
511
506
506
506
506
507
510
496
505
506
506
505
506
506
506
506
506
507
507
506
506
507
506
508
491
518
516
505
506
506
506
506
506
506
506
506
489
506
506
506
507
507
506
506
506
506
508
506
507
506
506
506
506
506
506
507
518
506
509
509
489
506
506
506
506
507
506
506
507
506
506
506
506
506
506
506
506
507
509
533
493
517
506
506
506
506
506
506
506
506
506
506
506
506
505
506
506
506
506
506
506
506
506
506
506
506
506
506
506
506
505
506
506
506
503
494
484
506
506
506
506
506
506
506
506
506
506
506
506
506
504
510
510
505
506
506
511
506
506
506
506
506
506
506
506
506
507
506
506
506
506
506
506
506
506
523
507
506
506
506
507
506
506
506
506
504
497
502
491
506
506
506
506
506
506
506
506
506
506
506
506
506
506
506
506
507
504
518
517
506
490
506
