269
265
259
256
251
244
236
233
235
241
250
257
264
268
268
264
258
250
242
235
234
238
244
252
260
266
269
267
261
256
248
240
234
234
240
248
254
260
269
268
254
251
252
244
237
233
236
243
250
256
278
266
267
263
256
250
242
231
224
230
228
253
260
265
267
266
262
254
247
240
234
234
239
247
254
261
267
268
266
261
254
245
238
234
235
241
249
256
263
268
268
265
258
252
235
235
233
235
241
250
258
282
268
268
264
257
245
242
236
233
237
244
253
259
267
263
267
261
256
247
239
234
234
240
246
254
262
267
269
266
261
253
246
238
234
236
242
250
258
264
268
268
265
258
250
242
235
232
237
244
253
270
282
278
267
262
256
247
241
236
234
241
247
254
261
266
267
265
259
248
223
226
224
235
241
249
256
262
267
267
264
258
250
244
237
234
237
243
251
258
263
266
267
263
257
250
243
236
234
238
246
254
260
265
267
266
264
249
247
239
234
235
239
253
255
262
267
268
266
266
253
245
239
235
235
244
262
257
264
267
268
264
258
251
243
236
234
237
243
251
258
265
267
266
262
256
249
241
235
234
239
247
254
261
266
269
266
260
253
245
239
235
238
252
241
250
261
268
268
265
259
252
243
236
233
236
242
251
257
264
267
265
275
257
249
242
235
234
238
244
252
260
265
268
266
261
256
247
241
235
235
240
247
254
261
266
268
265
260
253
245
238
234
235
242
249
259
266
270
269
264
258
251
243
236
243
237
243
250
258
265
265
267
263
257
249
242
243
232
239
245
252
260
266
268
266
262
254
248
241
236
235
240
248
256
262
267
268
265
259
252
246
237
234
237
242
250
257
264
268
266
264
257
249
240
236
216
226
237
253
259
265
268
267
262
256
247
240
233
233
239
245
256
260
267
267
266
261
254
246
239
234
234
241
249
256
263
267
269
265
258
251
244
236
233
236
242
250
258
264
267
268
264
256
249
242
236
234
240
245
253
260
265
268
267
261
255
247
240
234
234
240
247
253
262
267
268
266
251
252
245
238
234
236
242
249
257
264
268
268
264
258
251
243
236
234
237
244
251
259
265
268
266
262
256
249
241
236
235
239
247
253
260
265
267
265
271
243
226
214
221
235
240
249
256
262
267
272
265
258
251
245
237
233
236
241
252
258
264
268
267
262
257
249
242
235
234
238
245
253
261
266
268
266
261
254
246
240
234
233
239
247
256
262
266
267
265
261
256
246
243
234
235
242
249
257
263
269
270
264
258
251
243
237
234
238
243
229
258
268
272
282
263
256
248
241
235
234
239
246
254
261
267
268
265
261
254
247
240
234
234
241
249
257
263
268
269
264
259
253
245
237
233
235
242
251
259
266
254
268
259
261
261
241
234
234
238
245
251
286
265
268
266
261
254
247
239
251
235
241
248
256
262
267
268
265
259
253
245
236
233
236
243
251
258
264
267
267
264
258
250
243
235
234
237
244
252
260
265
268
266
264
264
248
241
234
234
239
245
253
261
265
267
266
260
253
246
229
235
237
240
240
261
262
267
268
264
258
252
244
237
234
237
243
251
258
264
267
268
263
257
249
242
235
234
238
245
254
261
265
268
267
261
254
247
240
233
233
239
239
237
260
266
268
260
260
252
244
238
233
236
264
250
258
264
267
267
264
259
229
243
236
233
237
244
251
260
265
267
265
261
256
247
240
234
234
239
247
254
260
266
268
265
260
253
246
239
233
235
240
247
254
260
264
271
265
259
252
243
235
232
236
234
250
258
264
267
267
264
257
251
237
237
227
232
245
253
261
267
269
267
261
254
247
240
235
236
241
247
256
