248
252
259
263
260
260
257
251
244
244
247
251
255
258
260
260
259
253
246
243
245
249
253
257
261
261
260
258
245
239
244
248
253
256
259
251
260
257
250
245
243
247
252
259
258
260
260
258
251
245
243
246
251
256
255
262
263
239
253
245
242
245
249
253
257
259
260
258
255
248
244
245
249
253
257
260
261
259
256
249
244
244
247
251
256
257
274
254
241
247
243
243
248
251
256
258
261
261
258
253
245
247
246
250
254
257
259
260
258
254
246
242
242
257
252
264
259
260
260
256
248
243
245
249
253
256
258
260
260
256
250
244
243
247
251
255
258
262
263
257
246
222
250
247
251
254
258
261
260
259
252
247
244
245
265
253
257
260
261
259
256
248
243
244
248
251
256
259
267
266
256
250
245
245
248
252
257
259
260
260
258
250
245
243
247
251
254
258
261
261
259
253
246
243
246
249
258
256
268
264
261
254
248
242
243
248
251
256
259
261
260
256
248
245
245
249
252
256
259
260
260
257
251
246
247
246
233
256
258
260
261
259
253
246
245
246
250
254
257
260
261
258
254
247
243
245
249
254
257
259
260
260
241
265
245
244
248
252
260
260
262
261
257
250
245
243
248
251
255
258
262
260
259
253
246
244
247
251
255
259
260
261
259
254
247
244
246
250
254
257
260
260
259
255
247
244
244
249
252
256
259
260
259
256
249
243
244
246
250
256
259
261
261
259
252
245
245
246
250
255
258
260
259
258
254
247
245
246
250
254
258
260
260
258
266
248
241
244
266
253
257
260
261
260
256
250
245
243
247
251
256
258
261
260
257
251
244
244
247
251
255
256
260
261
258
252
245
244
246
251
256
257
261
261
236
256
246
242
245
249
252
257
259
260
260
256
235
245
245
249
252
256
279
261
260
257
251
245
244
247
251
256
258
259
260
256
251
246
243
246
250
255
258
260
260
260
254
247
244
245
249
262
259
261
260
282
259
249
244
244
249
253
257
260
261
260
257
250
245
243
247
248
256
259
261
260
256
251
249
243
247
250
254
258
261
261
260
254
248
244
246
250
253
257
260
260
259
255
247
243
244
250
253
255
257
276
258
274
259
243
244
248
252
256
259
263
262
258
252
245
240
247
251
256
256
260
261
258
253
246
243
246
252
256
256
260
261
259
254
247
244
245
250
253
257
260
260
260
256
249
244
243
248
251
256
259
261
260
257
251
245
244
256
249
250
259
260
261
258
251
246
243
242
250
255
259
261
263
259
254
246
243
246
249
254
256
260
262
258
255
250
234
244
249
253
256
260
262
261
257
250
244
243
246
252
257
259
260
260
257
251
245
243
247
252
258
258
257
261
259
253
247
244
245
250
252
257
259
260
259
256
248
244
244
249
253
256
260
260
259
256
249
243
243
262
258
256
259
261
260
257
251
245
243
246
250
254
257
261
261
259
253
247
244
246
250
255
257
259
261
258
253
248
241
232
247
240
258
260
261
260
256
249
243
244
247
252
257
265
261
261
257
248
244
243
247
251
254
258
260
261
257
236
257
243
246
251
254
257
260
261
259
255
247
243
245
249
253
257
261
261
260
256
248
245
244
250
252
259
260
260
260
256
251
246
243
248
256
256
258
260
259
257
250
245
243
247
251
256
258
260
261
258
266
247
246
246
260
254
257
260
261
261
256
247
244
244
249
253
257
259
261
260
256
249
245
245
249
252
256
258
260
260
257
251
244
253
264
251
254
257
260
272
255
251
246
243
246
250
249
258
260
261
260
257
247
243
233
247
252
256
259
263
262
242
248
244
245
248
252
256
259
261
261
258
252
245
243
246
251
