261
256
249
245
248
253
258
260
261
260
254
247
247
250
255
258
260
282
259
252
246
247
250
256
259
261
261
259
252
247
247
250
256
281
260
260
256
249
246
250
254
249
261
261
260
254
247
249
249
256
259
258
260
258
252
247
248
252
257
259
260
260
252
248
244
247
253
258
259
248
261
257
248
246
249
254
259
261
261
260
254
246
246
250
256
259
261
261
256
253
246
251
251
257
259
256
260
257
250
247
248
254
263
260
261
259
256
249
246
249
254
258
260
260
258
253
247
257
251
255
259
260
261
258
253
249
247
249
258
259
260
260
256
249
246
249
254
258
261
261
260
255
248
227
249
254
249
261
261
259
246
247
247
251
256
259
261
262
258
251
246
247
252
256
260
261
260
257
249
245
249
254
257
261
261
260
256
249
246
240
255
261
251
261
259
253
247
246
251
257
259
260
261
257
251
247
247
252
258
260
260
259
253
264
246
247
253
256
260
260
259
253
248
247
250
255
260
260
262
246
251
246
246
251
256
259
261
261
258
250
246
247
252
257
259
261
260
256
237
263
245
254
258
260
261
260
254
248
247
250
256
258
262
261
258
253
249
241
251
246
260
260
261
258
251
247
248
252
256
240
261
260
256
248
247
248
254
258
260
261
257
254
248
246
250
255
258
261
261
260
253
245
246
254
270
260
260
259
257
250
245
247
253
258
260
261
260
256
247
246
248
253
257
261
260
259
253
247
246
250
256
258
260
265
258
251
247
247
252
242
259
261
261
256
250
245
247
253
258
261
262
261
257
249
247
249
254
258
261
262
256
254
248
244
250
255
259
260
261
259
252
248
248
251
256
259
259
263
256
216
246
250
253
257
260
261
258
254
250
246
249
256
259
260
261
259
254
248
247
251
256
237
261
260
258
251
246
232
254
258
261
262
260
257
250
241
249
254
257
260
260
259
256
248
246
249
255
259
261
261
259
254
248
246
251
254
259
248
260
256
250
236
249
253
258
260
260
260
256
250
246
247
252
257
259
260
262
254
248
247
251
256
259
260
261
258
251
246
246
252
258
270
261
260
257
250
245
247
251
256
260
261
260
257
250
247
249
254
259
257
262
251
254
247
246
250
255
257
261
261
259
253
247
256
252
256
260
262
261
258
252
247
247
252
256
259
258
260
259
248
246
249
254
258
260
254
253
254
246
246
249
253
258
259
260
258
252
247
247
253
258
259
261
260
256
248
245
256
226
258
256
260
259
256
248
245
249
253
229
261
261
260
254
247
246
250
256
260
260
261
240
252
246
247
252
256
260
262
261
258
267
246
247
250
265
260
261
260
257
249
246
248
253
258
260
260
260
254
246
238
250
258
270
260
261
267
251
246
248
252
256
259
260
260
257
242
247
248
254
258
254
260
259
254
247
246
250
257
259
261
261
259
252
246
246
250
256
256
264
232
258
251
246
247
252
257
261
262
262
257
250
246
247
253
258
260
261
259
253
251
251
250
255
259
260
261
258
256
248
247
250
256
258
260
260
258
251
247
247
250
257
261
260
259
257
250
247
249
253
257
259
259
258
253
247
246
249
254
260
261
260
258
251
246
246
251
256
259
263
261
258
253
251
256
256
253
260
261
261
256
249
246
249
254
259
261
262
260
254
249
247
251
256
259
258
261
258
255
247
246
250
257
259
261
261
258
252
248
248
252
256
247
261
259
256
248
246
248
254
259
260
261
259
254
248
247
249
256
257
260
259
259
251
246
246
251
256
257
260
259
257
249
244
247
253
257
260
262
260
255
249
247
249
254
258
260
261
260
252
246
246
250
256
259
261
261
260
253
242
247
