200
201
205
205
206
208
209
211
211
210
208
201
200
199
203
205
206
208
209
211
211
206
209
205
201
200
200
203
217
206
208
209
211
210
209
207
203
200
200
204
220
207
208
209
210
210
209
207
202
200
199
201
204
205
206
208
209
210
209
208
204
200
198
200
202
204
205
207
209
211
210
210
206
201
198
200
201
201
197
199
230
209
211
210
209
204
200
199
203
203
204
206
207
209
210
210
210
205
203
199
200
203
205
205
207
209
210
210
210
207
204
202
200
202
204
205
206
208
210
210
211
209
206
201
199
200
202
204
205
208
209
207
211
211
208
203
200
200
202
202
205
207
208
209
210
210
209
204
208
199
198
211
187
206
208
208
210
210
209
206
202
200
199
202
204
205
206
207
209
211
210
208
203
199
199
201
203
205
206
208
210
210
210
208
204
200
198
200
204
220
194
209
181
197
208
209
207
202
200
198
200
203
204
206
208
209
210
209
220
202
201
199
201
204
205
206
208
209
211
211
209
207
202
200
200
202
204
205
206
208
210
209
210
208
205
200
199
201
204
206
206
210
208
230
212
210
206
202
200
200
203
212
207
208
210
211
212
211
217
201
199
202
213
220
205
207
208
209
209
210
208
206
200
199
200
202
204
205
206
208
210
209
209
206
201
198
199
203
204
206
207
209
211
211
209
208
203
199
198
202
206
177
205
200
209
215
210
209
205
201
199
202
202
204
206
208
208
210
211
219
208
203
200
200
202
203
205
207
208
209
210
209
209
207
202
201
200
203
205
206
207
209
210
210
209
207
202
200
199
202
205
205
205
216
221
230
210
209
206
201
199
199
203
212
207
208
210
211
211
210
207
200
196
192
194
204
206
207
209
210
211
210
208
202
201
199
201
203
205
206
208
208
211
209
208
204
200
200
201
203
206
207
208
210
210
210
209
206
201
199
197
198
221
205
206
209
210
210
214
209
205
200
199
204
203
204
206
208
209
213
217
235
207
202
200
200
202
204
205
207
208
210
211
210
208
204
201
200
202
204
206
207
208
210
211
210
210
206
202
200
201
204
208
205
204
221
212
211
210
208
203
199
200
202
204
212
208
209
210
211
212
211
204
212
193
196
203
205
206
208
210
210
211
209
205
201
199
199
202
204
206
207
208
209
210
209
206
202
200
199
200
203
205
206
207
209
211
210
209
206
200
197
188
230
204
206
207
208
210
210
182
209
202
200
200
201
203
205
207
208
210
225
230
209
204
200
199
201
203
204
207
208
210
211
211
210
207
203
200
199
203
205
206
206
209
210
211
211
209
204
200
200
202
205
207
218
208
226
244
219
210
206
201
199
200
202
204
206
208
209
211
211
211
207
203
197
200
201
204
206
208
209
210
210
211
209
205
201
201
201
203
205
206
207
209
210
210
209
206
202
200
201
203
205
206
207
208
209
210
210
208
204
203
212
224
202
205
207
207
209
211
211
223
214
201
199
200
198
204
205
208
211
218
215
209
208
203
200
200
201
203
204
206
208
209
210
210
209
206
201
199
200
202
205
206
208
210
210
210
210
207
202
200
200
203
205
207
196
209
210
212
187
207
204
201
200
201
204
216
207
209
212
212
211
209
207
204
200
200
203
204
206
207
209
211
211
210
208
204
200
201
202
204
206
207
208
210
210
210
208
205
200
200
202
203
205
207
208
209
211
211
209
206
200
198
212
202
204
206
207
195
211
212
210
208
202
201
199
200
203
205
208
206
218
232
210
209
206
202
200
200
202
205
207
208
209
210
211
210
209
204
201
200
201
203
205
207
208
210
211
211
209
206
201
200
202
204
208
189
200
