204
217
208
208
209
209
208
205
199
200
200
202
204
205
207
208
210
210
209
206
202
198
199
200
202
204
205
206
208
209
208
208
205
200
209
201
202
205
229
208
222
209
209
208
205
200
198
198
200
203
205
207
209
211
221
210
208
204
201
200
201
203
205
207
208
209
210
210
208
205
199
199
199
201
204
205
207
208
209
210
209
206
200
199
198
200
202
204
205
206
213
207
208
209
202
198
197
199
200
204
206
207
209
209
209
207
204
211
199
199
204
224
223
207
208
209
210
209
207
202
198
199
200
202
204
206
207
209
210
210
208
204
199
198
200
201
203
206
207
209
209
210
208
206
200
200
186
200
205
205
207
208
192
212
210
208
204
199
211
200
203
205
207
207
209
211
200
208
205
200
198
199
201
204
205
206
208
209
211
210
208
202
199
198
201
203
204
206
208
209
210
209
208
204
199
198
198
200
203
205
207
208
208
212
207
205
200
198
199
201
190
204
206
207
208
210
208
206
202
200
199
201
194
199
206
207
209
209
210
208
205
200
198
201
202
204
206
208
209
209
210
210
207
202
199
198
200
202
205
206
206
209
209
209
208
204
190
182
199
202
204
206
207
208
209
210
209
206
201
200
207
201
203
205
206
208
200
197
209
207
203
200
199
200
203
205
206
208
210
211
210
209
206
201
199
200
202
204
206
207
208
210
211
210
206
203
199
198
200
202
204
209
205
209
218
210
208
203
199
199
200
202
188
205
206
208
208
208
208
206
202
197
195
194
211
204
205
207
208
209
209
206
201
198
197
198
201
203
205
207
209
210
209
208
204
201
199
199
201
203
206
207
208
210
210
209
209
209
217
199
201
202
204
201
208
209
210
210
204
204
202
202
175
202
204
206
210
223
210
210
208
205
202
199
199
201
204
205
207
209
210
210
210
207
203
199
198
199
201
203
206
207
208
210
209
208
205
198
198
198
200
202
206
208
207
207
209
207
205
201
199
199
200
201
203
205
207
209
209
208
207
202
194
202
208
210
203
206
206
208
209
209
208
205
201
198
198
201
203
205
207
208
209
209
208
206
202
199
197
199
202
204
206
207
209
210
211
209
207
206
199
200
201
204
205
211
208
210
209
208
213
203
200
197
202
203
205
206
215
195
210
210
208
204
200
199
200
201
204
206
207
208
210
210
209
206
200
198
198
200
202
204
206
207
208
209
209
208
202
198
198
200
202
202
206
206
196
187
208
207
203
199
198
198
201
203
204
206
208
208
208
208
207
195
198
207
196
203
205
206
208
209
209
209
207
204
199
199
201
202
205
206
207
208
210
210
208
206
201
199
199
200
202
204
205
207
209
209
212
208
205
199
198
199
202
204
205
206
208
208
209
208
218
199
198
196
201
203
207
219
208
209
209
208
206
202
200
198
200
203
205
206
208
208
209
209
206
203
199
198
199
202
204
205
207
208
210
210
209
205
200
197
198
199
202
204
192
186
210
229
207
206
202
199
198
200
203
206
205
206
209
210
209
208
204
203
197
200
201
202
204
205
207
208
209
208
206
202
198
198
201
202
204
205
206
208
208
208
206
203
199
199
200
201
204
205
207
208
211
211
213
212
202
198
198
200
203
203
204
207
208
210
210
207
203
201
199
204
200
203
213
180
208
210
210
209
206
200
199
200
202
203
206
206
208
210
210
209
207
202
199
198
200
202
204
205
208
209
210
210
208
205
198
197
199
201
204
206
225
208
210
209
194
203
200
198
198
200
202
217
205
207
208
208
208
206
201
189
198
199
202
204
205
206
207
209
208
208
205
201
199
200
202
204
205
207
208
209
209
209
