309
312
312
309
301
295
295
299
303
305
307
311
312
311
306
297
293
296
301
304
306
308
311
311
309
284
297
297
301
304
306
309
311
308
309
303
297
296
299
303
305
307
311
310
311
311
285
296
298
302
305
308
311
313
312
310
302
297
297
301
304
306
308
312
314
311
305
297
295
299
303
305
306
309
312
307
289
299
294
294
301
304
306
307
311
312
307
302
296
295
299
303
305
306
311
312
310
306
298
295
299
302
288
306
310
313
313
309
301
296
297
302
305
307
308
310
311
310
304
297
295
299
303
305
307
311
311
312
304
295
293
297
272
307
306
309
311
311
309
302
304
297
300
304
305
307
310
313
311
306
298
296
299
303
304
302
310
312
312
309
301
296
297
302
304
307
309
310
312
310
303
297
296
301
304
305
307
309
311
310
305
297
293
299
302
307
306
308
311
311
307
300
295
295
300
304
336
308
310
311
310
304
297
295
299
302
305
307
308
312
311
308
298
286
311
301
304
306
308
311
312
310
304
297
296
300
303
306
308
311
313
311
306
298
296
298
303
305
306
308
315
312
309
301
296
297
300
305
306
309
311
313
310
304
299
295
301
304
306
307
310
311
308
307
298
295
295
298
313
306
309
312
312
309
301
295
296
300
304
305
307
310
314
312
306
298
296
300
303
305
307
309
312
311
308
299
294
303
323
301
308
309
311
313
310
302
297
295
299
303
305
308
290
312
312
307
314
296
298
302
305
306
312
321
313
310
301
297
297
301
305
307
309
313
314
311
304
298
296
299
303
305
307
309
312
313
309
299
294
297
297
299
289
302
311
312
309
302
296
295
300
304
305
308
310
311
309
303
296
294
298
302
305
307
310
312
309
309
305
294
297
302
305
306
308
311
312
309
302
297
295
299
303
305
307
308
312
311
306
299
296
297
302
303
307
308
312
311
312
301
297
296
301
303
329
308
326
311
311
305
298
296
290
304
307
308
310
313
317
309
303
297
298
301
308
319
321
312
313
310
303
297
297
300
305
307
308
310
313
311
305
297
295
298
302
304
307
309
311
311
307
300
284
290
301
303
306
288
311
313
310
303
297
295
299
289
304
307
309
311
310
306
298
293
298
302
303
306
309
309
321
308
302
296
296
301
302
305
307
309
311
310
305
297
295
299
304
305
307
309
312
312
308
299
295
297
302
302
305
311
311
312
310
304
297
295
301
305
307
309
312
313
318
307
298
295
298
303
305
307
309
312
312
308
305
296
298
295
303
305
307
310
312
309
303
296
294
298
302
304
306
308
310
311
306
299
295
298
301
305
306
310
321
303
300
302
296
296
301
304
305
308
310
312
311
306
297
296
300
303
305
306
309
312
312
309
301
296
296
300
301
315
309
311
312
310
303
297
294
300
303
305
307
311
312
311
307
299
296
298
303
306
307
310
311
313
309
301
298
297
294
313
307
309
311
313
310
297
297
295
298
304
305
311
310
312
311
307
299
294
297
302
305
305
309
311
313
313
301
296
295
300
304
305
307
310
312
309
305
297
295
298
301
304
306
309
311
311
308
301
296
297
301
304
307
331
311
312
307
305
298
296
301
304
306
309
311
313
312
307
299
296
298
304
310
308
310
312
312
310
302
301
297
301
305
307
308
311
313
311
305
297
296
300
303
305
307
310
312
311
308
300
296
297
300
304
305
308
311
311
306
301
296
295
301
303
305
307
310
312
310
305
298
312
298
302
304
306
308
311
311
308
300
296
297
304
305
306
309
307
312
311
305
298
296
300
303
306
307
310
312
310
307
299
295
297
303
306
307
309
312
313
309
303
296
311
300
304
306
308
