293
296
299
302
304
306
309
308
305
297
293
293
298
302
304
306
309
310
308
302
297
290
288
304
297
306
307
309
309
305
296
294
296
301
303
301
307
308
308
306
297
292
293
297
301
302
304
317
308
307
302
283
291
296
299
301
303
306
308
307
302
294
291
294
297
301
303
305
308
309
306
298
293
293
297
301
302
307
308
309
296
308
294
292
296
300
302
302
306
308
309
306
297
293
295
299
302
304
306
307
309
322
299
294
293
297
302
305
325
307
309
308
304
296
292
296
301
303
304
309
310
309
306
297
294
294
298
302
303
306
310
310
307
300
294
289
297
301
305
304
318
309
307
302
294
291
295
298
300
302
305
307
309
305
296
292
293
297
299
300
300
308
307
306
301
293
292
296
300
301
304
306
308
307
304
296
293
294
298
302
305
306
308
309
306
300
293
293
298
300
305
303
324
310
309
303
296
293
296
299
302
304
306
309
309
305
298
294
310
299
302
304
306
308
309
309
300
296
296
318
300
302
305
306
309
309
303
296
293
296
300
302
303
306
308
308
306
298
294
294
299
301
302
306
308
309
305
301
294
293
297
300
303
304
307
309
308
304
296
292
294
299
302
304
305
308
309
306
298
294
296
299
295
301
306
307
309
307
303
296
293
296
299
302
304
307
309
309
305
298
294
293
299
303
304
306
309
310
308
301
295
297
287
283
303
305
306
292
311
304
296
293
297
300
302
304
307
309
310
306
298
293
293
297
300
302
305
308
307
294
300
292
291
296
300
302
305
308
309
309
305
295
292
294
298
302
304
305
309
308
306
299
294
294
298
299
294
288
308
292
298
302
295
293
296
299
302
317
306
308
308
304
299
292
294
299
301
305
306
309
310
308
300
293
292
297
301
304
306
309
310
309
304
296
293
296
300
303
305
308
311
310
306
298
293
294
299
301
303
305
308
311
307
289
294
292
297
300
301
303
304
307
307
301
294
291
295
299
303
304
306
308
308
306
298
293
294
298
301
303
304
329
308
307
301
294
293
297
301
303
305
307
309
309
305
297
293
296
299
302
305
307
309
308
306
300
280
288
297
301
303
304
308
310
309
304
292
294
297
300
303
302
307
309
309
306
298
294
292
299
303
306
307
310
304
296
302
295
293
298
301
303
304
307
309
308
303
294
291
295
299
301
303
306
308
308
305
297
292
293
297
300
302
305
305
308
307
300
293
292
296
300
302
304
307
303
308
304
297
292
294
299
302
302
306
308
308
307
300
296
289
298
301
303
305
307
308
307
303
295
292
296
298
302
303
305
309
308
305
298
293
293
298
301
303
304
307
300
311
277
319
295
298
301
303
305
307
310
308
304
297
293
296
300
303
305
309
309
310
306
299
292
293
297
303
301
280
307
309
307
302
294
291
296
300
302
303
306
308
307
303
296
292
294
298
301
303
305
307
309
305
298
293
293
298
295
297
305
307
309
307
303
294
292
291
300
302
305
307
309
309
306
297
293
295
298
291
303
305
307
309
304
293
320
293
296
300
303
305
308
310
309
304
296
293
295
299
303
304
306
309
309
306
298
294
294
299
301
304
295
314
309
307
300
294
293
296
299
303
304
305
308
308
302
294
292
295
298
302
304
305
310
310
307
299
293
302
301
302
304
305
308
309
308
302
294
293
296
299
302
304
307
309
309
306
298
295
295
300
303
304
306
308
309
307
303
311
313
305
301
303
305
307
308
308
303
301
294
297
300
284
305
306
309
311
306
299
295
294
299
302
305
302
312
313
307
302
295
294
298
302
303
306
307
310
309
304
295
292
294
299
302
304
306
308
308
306
296
292
281
