420
424
424
415
405
404
410
416
422
420
423
422
413
403
403
411
415
417
419
423
422
414
406
408
412
421
418
420
423
423
414
404
406
413
417
418
421
424
423
413
404
406
413
419
417
438
424
422
397
403
406
412
417
417
420
423
421
411
401
405
413
417
417
419
423
421
410
403
407
414
418
419
422
424
422
411
404
411
414
419
418
446
440
422
410
403
408
415
418
420
423
425
421
409
402
407
412
415
427
416
423
418
404
400
408
413
415
417
421
423
419
407
402
407
414
417
418
422
424
418
407
403
409
416
418
421
423
424
419
408
403
409
435
418
420
406
423
418
408
403
409
415
418
420
422
423
418
406
403
410
416
418
419
421
427
422
403
403
410
416
419
421
424
425
418
407
405
412
418
419
422
425
419
415
404
403
410
416
418
419
423
423
414
404
403
410
416
417
420
423
425
418
394
396
410
415
416
418
422
421
412
404
406
412
417
418
420
424
425
431
396
398
411
418
419
421
423
423
413
395
406
414
418
419
422
424
423
413
405
407
414
432
419
422
433
422
412
404
408
414
418
422
422
426
422
414
405
403
413
416
419
422
424
421
410
402
406
412
417
417
420
423
419
408
403
408
413
426
418
421
425
420
408
402
396
414
417
419
422
424
420
409
403
409
415
406
419
423
425
419
408
403
409
415
417
418
422
424
419
407
405
410
417
423
419
424
423
418
407
402
409
415
418
419
423
424
418
407
402
407
405
417
421
423
425
419
407
405
411
417
419
417
424
424
417
405
402
410
416
418
419
424
422
415
405
403
411
416
417
419
415
426
415
405
404
411
418
416
419
423
423
414
405
405
411
415
416
418
422
421
412
402
402
409
412
416
417
422
422
416
401
402
409
414
417
419
421
421
412
403
404
402
416
418
421
423
422
412
404
407
414
419
420
423
409
423
411
404
406
414
417
420
420
414
422
410
401
405
413
416
417
420
422
421
409
403
406
412
417
418
422
438
423
409
403
406
414
417
419
422
422
420
409
403
408
415
417
418
422
423
420
407
403
429
414
416
417
421
423
422
409
404
409
416
417
419
423
426
421
407
404
408
416
419
420
423
425
420
409
404
410
417
418
420
424
424
420
408
415
413
417
418
419
431
425
417
406
402
409
416
417
420
423
423
415
405
402
409
415
417
419
422
423
433
405
402
410
416
418
419
423
424
416
405
400
406
416
418
420
424
424
416
406
406
411
417
418
421
425
424
416
406
406
395
417
418
421
424
424
416
406
405
412
418
419
420
423
423
409
405
405
412
419
419
421
424
422
413
404
405
412
417
418
421
423
422
411
410
406
406
419
417
419
422
420
410
402
405
413
417
418
420
424
422
411
404
408
414
417
424
419
426
398
412
405
409
415
418
420
422
425
423
411
405
409
414
417
418
422
424
421
410
406
408
414
417
418
421
423
421
410
402
412
416
416
423
429
424
420
408
404
410
416
419
421
424
425
421
410
404
412
417
421
434
398
425
419
401
403
408
416
418
420
422
424
417
406
404
409
414
417
419
423
423
417
406
402
409
415
426
419
424
425
418
407
404
408
416
418
423
432
424
416
406
404
410
416
417
420
424
425
417
406
405
410
417
419
421
423
423
406
406
411
411
416
418
421
424
424
409
407
429
412
418
418
421
425
425
416
406
406
412
419
420
413
425
424
414
404
404
412
420
418
421
424
422
409
413
417
412
417
416
420
423
421
411
403
404
412
416
418
421
422
420
410
429
414
413
416
417
421
423
422
411
396
406
412
416
418
422
424
424
412
405
408
414
419
419
422
428
421
411
404
407
414
417
418
421
424
422
