398
396
404
411
413
416
419
417
407
400
399
408
412
415
417
420
420
410
401
402
408
413
414
416
421
418
409
400
402
409
413
414
416
419
419
412
403
411
408
413
414
416
420
418
408
401
403
411
414
415
417
421
418
408
401
403
407
416
401
418
420
418
407
400
403
410
415
415
418
420
417
406
400
403
415
412
414
417
414
415
404
398
403
409
413
412
417
419
415
403
397
403
410
412
415
445
420
414
403
398
404
411
414
415
418
420
416
405
400
405
412
415
416
418
420
415
404
400
405
397
413
415
418
420
415
394
400
406
412
413
415
418
420
414
404
400
406
412
413
416
419
420
414
402
400
408
414
382
426
395
418
411
401
399
406
412
413
416
418
418
409
400
399
405
411
412
415
419
429
428
400
400
407
415
414
417
419
419
409
400
401
408
412
414
416
420
419
408
400
401
408
413
415
418
419
419
409
400
401
409
413
414
419
420
420
397
400
402
409
413
415
418
421
419
408
401
404
411
414
416
418
419
417
410
401
405
410
415
415
420
421
418
407
399
404
410
413
414
421
419
415
404
398
402
410
412
414
417
419
416
404
398
404
411
414
415
421
393
415
404
387
405
411
414
416
419
421
417
406
401
406
412
413
415
419
420
415
404
400
410
431
421
413
419
420
414
403
400
406
412
414
416
419
420
415
404
400
409
412
414
416
419
420
413
402
400
407
414
414
418
420
421
418
403
399
413
423
413
415
418
418
410
400
399
406
412
413
416
418
419
410
400
401
421
388
414
416
422
419
410
400
400
407
411
414
415
419
420
411
401
400
407
412
414
417
420
419
410
401
411
409
413
415
417
422
420
430
402
404
409
419
416
419
421
420
409
402
405
411
416
416
418
421
419
407
400
403
411
415
417
431
418
419
406
397
402
409
412
413
436
418
417
403
397
402
409
411
414
416
420
417
405
399
404
410
415
416
419
421
417
404
400
405
412
413
416
423
408
415
406
400
404
411
413
415
419
420
415
404
400
405
410
414
414
404
448
417
405
399
406
412
415
417
420
421
415
402
400
408
413
415
425
420
421
414
403
401
407
413
415
416
419
419
412
402
399
407
413
414
415
413
414
402
400
398
406
412
415
416
420
419
411
401
401
408
413
414
417
421
419
410
400
401
408
412
414
416
420
417
410
400
401
408
413
415
417
420
419
409
401
401
408
413
414
417
421
419
409
400
405
408
414
415
419
422
420
409
402
404
406
414
416
418
421
418
408
401
402
411
414
415
417
420
420
402
398
402
408
412
413
415
418
416
404
398
402
408
412
415
417
420
416
405
400
378
411
414
416
418
419
415
404
398
404
411
398
416
420
421
416
404
400
409
410
413
415
417
420
415
405
399
405
411
413
415
418
420
414
402
398
405
406
414
420
425
420
416
403
399
405
411
413
414
418
418
414
401
397
404
410
412
414
416
417
410
400
397
404
409
409
414
415
416
408
398
396
406
437
415
397
424
418
410
399
399
407
412
414
417
420
419
410
401
399
409
417
414
418
420
420
411
402
402
409
418
416
418
420
420
409
401
401
407
413
415
416
418
418
408
399
400
406
411
412
416
419
419
409
400
402
409
414
413
417
419
418
407
400
403
410
415
415
418
421
419
407
400
403
409
413
413
417
420
423
421
400
404
410
400
415
417
420
416
405
399
404
410
413
412
417
419
415
404
398
403
410
413
415
417
419
416
404
399
403
410
413
413
442
413
421
398
398
404
410
413
415
418
420
415
404
399
404
412
415
417
418
418
424
429
400
406
412
414
417
421
420
415
405
400
406
413
414
417
419
419
413
402
400
405
411
