74
74
82
74
74
75
89
77
77
78
77
76
74
73
73
74
75
76
76
77
77
86
76
75
74
74
73
74
76
76
76
77
78
77
76
75
74
73
74
75
76
77
76
76
77
76
75
74
73
73
74
77
77
78
76
93
56
98
72
74
73
74
73
74
75
78
78
77
77
77
75
74
73
76
62
72
77
77
76
77
77
76
75
74
73
74
75
76
77
77
77
78
77
75
75
74
73
74
75
77
77
78
78
78
76
75
74
73
73
75
73
77
79
76
77
77
77
76
74
73
74
75
72
76
76
76
87
78
76
74
74
73
79
98
76
76
77
76
76
76
75
74
73
73
74
76
77
77
76
77
77
76
76
74
73
73
74
76
76
77
78
77
78
78
76
76
81
90
75
76
77
91
78
78
77
75
74
74
73
74
75
76
77
77
77
83
72
76
75
73
73
74
76
76
76
78
78
77
76
75
74
74
74
75
76
76
77
77
78
78
77
76
75
74
74
75
76
77
77
77
77
75
52
75
72
78
74
75
76
77
77
77
77
77
77
77
73
73
75
75
76
78
69
78
77
76
77
74
74
74
74
75
76
76
77
77
77
76
74
73
74
74
74
76
78
76
77
77
76
75
74
73
73
75
75
77
78
67
81
77
77
74
75
73
74
77
77
77
77
78
77
77
77
75
75
73
75
77
76
77
77
77
77
76
76
74
75
74
75
76
77
78
78
78
78
76
75
75
73
74
74
76
78
76
79
78
77
76
75
74
73
73
75
80
96
79
81
78
76
75
74
72
73
74
75
76
77
78
77
78
78
76
74
76
60
101
75
76
76
77
77
77
76
76
74
74
74
76
76
77
77
78
78
76
77
74
73
73
74
75
75
77
77
77
78
77
76
75
75
68
74
76
76
77
77
62
78
77
75
74
74
59
75
77
77
77
78
79
80
75
75
75
73
74
76
77
77
77
78
78
77
77
76
74
73
74
77
76
78
77
76
76
76
76
73
73
73
74
75
76
76
77
78
75
74
52
74
74
73
75
76
76
77
64
78
77
75
75
73
74
74
75
76
77
77
80
101
76
76
75
74
74
75
75
76
76
77
77
76
76
77
74
74
74
76
76
78
77
77
77
77
77
76
73
74
74
73
76
77
72
70
74
77
77
71
74
74
75
77
76
77
77
77
75
77
76
74
75
74
80
78
77
77
76
77
78
77
76
74
74
75
75
76
77
78
77
77
77
77
75
73
73
74
75
77
77
77
78
78
77
76
74
74
74
75
76
78
84
77
78
78
78
76
74
74
74
75
75
77
76
76
70
77
71
74
74
76
87
74
75
76
77
76
78
77
76
74
73
74
74
76
77
78
77
78
78
78
75
74
73
73
75
76
77
78
77
78
78
76
72
73
77
71
76
76
77
80
77
78
77
76
84
74
73
74
54
76
77
76
78
74
62
77
75
76
74
74
76
77
77
78
77
78
78
77
75
74
73
76
75
76
76
77
78
78
76
75
74
72
74
75
75
77
76
76
78
76
78
74
73
73
74
75
76
78
77
75
73
76
75
73
73
73
73
78
88
76
80
80
76
76
76
75
74
74
75
75
76
76
77
76
77
77
76
74
74
75
76
77
77
77
77
77
77
76
76
74
73
75
77
76
78
72
84
78
77
76
75
73
74
74
75
77
72
77
77
77
76
75
73
72
71
51
75
77
77
77
78
76
76
74
74
74
74
76
76
77
77
77
77
76
75
73
72
73
75
76
76
76
77
77
76
76
75
73
72
73
76
76
80
74
76
76
77
77
76
74
74
73
75
76
76
77
77
77
77
69
87
73
77
