73
74
75
76
77
78
78
77
76
75
75
73
73
74
74
76
77
76
78
77
76
76
74
74
75
76
75
76
76
77
76
76
85
89
73
77
74
70
76
76
77
77
77
78
77
74
73
73
74
76
76
84
78
78
79
76
75
74
74
74
73
76
76
76
76
77
78
76
75
74
74
73
74
77
76
76
77
77
77
77
75
73
75
75
75
78
79
64
77
78
78
76
74
73
73
72
76
75
77
77
77
78
80
71
74
71
74
74
76
76
76
76
77
77
76
75
74
73
73
75
76
76
76
76
77
76
75
75
74
73
75
76
77
76
77
77
77
76
75
73
73
72
74
68
67
77
78
78
78
83
75
74
73
74
74
75
76
77
77
77
78
76
78
95
74
74
75
76
76
77
78
76
76
76
74
72
74
74
76
76
77
78
78
77
76
76
74
73
74
75
77
77
77
77
78
78
77
68
74
74
75
76
76
76
77
79
79
77
77
75
74
74
75
76
64
87
77
79
75
77
76
74
72
72
74
75
77
76
77
78
78
77
76
74
72
73
74
75
76
77
77
77
77
75
76
73
73
74
76
75
77
78
77
76
76
60
76
73
73
74
75
80
78
77
77
78
77
75
74
73
73
76
76
82
96
77
78
78
77
76
73
74
74
75
76
77
77
77
78
77
77
75
74
74
75
75
77
77
78
77
77
77
75
75
75
74
74
77
81
79
100
77
79
76
74
74
73
73
74
67
77
78
77
77
77
76
75
84
74
74
74
76
76
76
76
77
77
75
74
73
73
74
76
76
75
76
77
77
76
75
73
72
74
76
77
76
77
77
77
77
76
74
76
77
74
73
78
62
77
77
77
78
77
75
74
72
73
74
75
79
78
77
78
76
81
79
97
74
74
76
77
77
77
77
77
77
75
74
73
73
75
77
77
78
78
78
77
76
75
74
74
72
74
75
77
78
78
77
77
70
88
76
66
59
75
77
77
77
77
76
78
76
74
74
74
75
75
76
76
77
79
76
76
74
73
73
74
75
76
77
76
78
77
77
76
74
74
73
74
74
76
75
76
77
77
77
76
74
73
74
74
77
77
76
78
75
77
82
78
75
73
73
74
76
76
77
77
77
77
76
76
88
73
75
76
78
85
92
77
77
77
76
74
73
74
74
76
77
77
77
79
78
78
77
74
74
73
75
76
76
77
78
77
76
76
76
75
74
74
76
76
89
78
79
78
54
76
74
73
73
74
76
83
78
77
78
78
76
76
74
76
74
74
75
76
77
77
77
78
77
75
74
74
74
75
76
77
77
77
76
76
77
74
73
72
74
75
76
76
76
77
77
77
76
74
73
86
75
76
73
76
77
77
78
70
76
74
73
73
73
74
76
75
77
77
77
78
80
86
73
73
75
76
78
77
76
77
76
76
74
73
74
75
76
77
77
76
77
77
76
75
73
73
74
74
75
76
76
77
77
78
75
64
74
74
76
74
76
75
77
77
78
77
77
60
72
72
73
75
76
77
73
77
77
77
76
74
75
73
75
76
77
78
78
78
78
77
75
74
72
73
73
75
76
76
76
77
77
77
75
74
74
74
74
76
77
76
76
78
76
79
75
73
73
73
76
77
77
77
77
77
67
77
73
78
74
74
75
79
94
78
79
77
76
76
75
74
73
75
76
78
77
78
78
78
77
76
74
74
74
74
76
76
76
78
78
76
76
74
73
73
74
76
83
68
78
78
77
76
76
74
68
73
75
76
76
90
78
76
76
77
76
82
50
73
75
76
77
77
77
77
77
77
74
74
73
74
75
76
76
77
76
76
76
76
75
74
73
74
76
