104
104
106
107
108
106
104
103
100
87
109
98
106
108
107
107
105
102
101
104
105
108
108
90
109
108
106
107
103
104
106
108
109
109
109
122
106
103
97
105
107
108
108
109
109
107
105
103
102
103
105
106
108
107
107
106
104
102
102
102
104
105
105
106
107
115
103
97
97
103
104
106
106
107
106
104
103
101
101
103
105
107
108
109
108
106
104
104
103
105
107
106
109
108
116
129
104
102
103
105
107
108
108
109
108
106
104
102
103
105
107
106
108
108
107
106
103
101
104
84
104
109
92
109
106
104
106
101
100
105
106
107
107
108
122
106
104
102
103
104
115
108
114
108
108
106
104
106
97
97
107
108
108
109
108
105
103
102
103
105
106
106
108
108
107
105
103
102
103
105
107
107
107
106
106
105
102
99
95
90
105
106
108
107
105
104
101
101
102
104
105
107
108
107
106
104
101
102
103
105
107
108
108
101
106
103
113
103
103
106
107
109
108
107
106
105
102
102
104
106
107
107
108
107
107
105
102
103
105
106
108
112
107
108
106
103
101
101
103
105
105
108
108
106
109
103
102
101
103
104
107
106
106
106
104
101
103
101
102
112
110
106
108
107
105
103
102
103
103
106
107
109
108
108
106
103
102
105
106
108
108
108
109
107
106
103
102
105
106
103
106
108
109
107
118
102
101
101
104
106
107
106
95
107
105
102
101
102
105
104
98
107
106
107
104
103
99
117
103
106
107
108
107
107
105
103
102
103
106
108
107
107
109
107
105
103
102
104
106
108
102
108
108
104
104
102
102
101
96
106
107
108
107
105
104
104
102
103
105
105
104
107
108
112
104
101
101
103
104
105
122
107
106
106
103
102
101
103
105
106
107
107
108
107
105
102
103
105
107
108
109
110
107
106
104
103
104
104
106
108
109
135
109
107
104
103
103
105
106
107
108
108
126
106
104
102
103
105
106
107
108
108
107
105
106
101
102
103
97
107
107
107
107
105
102
101
102
104
105
106
106
106
106
104
102
100
102
104
105
106
108
108
106
104
99
101
103
105
106
107
108
111
108
106
104
104
105
107
108
109
109
109
108
106
103
103
105
106
108
108
107
122
104
105
103
102
104
105
106
107
108
107
106
103
102
101
102
104
106
107
107
107
106
104
101
101
102
104
106
107
108
108
98
104
102
101
109
105
106
109
108
108
105
110
102
102
104
106
109
108
108
110
107
104
102
103
104
106
106
108
107
102
107
103
102
102
104
106
106
108
109
105
104
103
102
101
104
105
107
106
107
104
106
103
101
105
106
105
106
98
108
107
105
103
102
103
105
107
107
108
108
108
105
103
102
104
105
107
108
109
108
109
98
103
100
103
105
107
108
109
108
107
106
103
102
103
105
106
107
108
108
108
105
102
102
103
104
105
106
107
109
105
106
101
101
103
104
106
107
106
98
106
104
95
100
103
105
106
105
108
108
106
105
102
102
108
102
107
108
107
91
108
104
102
103
105
106
107
108
109
109
106
104
101
103
105
107
107
108
109
108
107
105
103
102
104
109
107
108
109
109
105
103
87
101
103
107
107
108
107
108
104
103
101
102
103
105
106
107
108
108
107
104
93
111
104
105
107
109
109
107
106
102
102
103
104
105
105
106
109
108
106
104
103
103
105
106
108
108
107
107
105
103
100
93
111
106
111
107
107
107
106
103
103
103
105
107
107
109
123
108
106
103
102
104
105
107
108
108
107
99
105
102
102
103
105
106
108
109
109
107
105
102
102
103
105
107
108
108
108
107
104
102
102
103
105
107
115
129
121
118
104
102
101
104
105
106
107
108
107
