104
106
104
101
102
104
105
107
106
107
106
105
103
102
103
104
104
107
125
107
108
104
103
102
102
104
107
106
107
132
108
106
103
102
102
104
107
90
107
108
107
105
103
101
100
105
108
108
108
109
107
106
103
103
103
104
106
107
107
107
108
106
103
103
104
105
105
109
108
108
107
105
102
101
103
87
107
108
107
107
107
104
102
102
103
77
106
106
108
107
106
104
102
101
103
105
106
119
108
107
106
104
99
106
102
105
107
107
108
108
107
105
102
103
104
105
106
108
109
108
106
104
102
103
104
106
108
108
81
108
109
104
102
101
103
106
107
108
107
108
106
104
103
103
104
105
106
108
108
107
105
104
102
102
103
106
121
97
108
108
106
104
101
102
104
105
107
107
107
107
105
102
101
101
104
106
107
108
108
107
105
103
102
102
104
105
98
88
90
101
104
103
101
103
104
106
105
85
107
106
104
103
102
103
104
109
107
108
108
106
105
102
102
104
108
109
107
106
106
107
104
102
101
104
105
106
108
109
108
106
104
102
102
103
105
108
108
109
107
107
109
111
100
103
105
105
108
109
107
106
107
102
102
104
94
105
106
107
83
105
103
101
101
104
104
106
106
107
118
94
104
101
102
103
105
107
107
106
108
105
103
101
102
104
105
107
108
108
108
106
103
102
102
104
106
106
92
108
105
101
103
102
102
103
106
107
107
106
107
106
102
102
103
105
106
108
109
108
106
104
103
101
103
105
102
92
113
109
107
105
103
102
103
105
107
107
108
108
107
105
103
102
102
104
106
108
109
108
107
105
103
102
104
96
106
106
110
107
125
104
101
100
102
105
107
107
108
108
106
103
97
101
103
105
106
108
106
108
105
106
103
102
104
106
107
108
109
108
107
105
102
104
104
106
107
108
108
108
107
104
103
102
104
106
108
108
109
108
114
98
114
103
104
106
107
107
108
106
91
103
102
102
103
106
107
107
99
107
105
103
101
101
103
105
125
107
107
129
105
101
101
102
104
106
108
108
108
107
105
103
101
103
104
105
106
108
108
107
105
102
99
102
105
107
107
107
106
107
105
102
101
102
105
106
107
120
108
106
104
101
102
103
105
106
107
108
108
112
104
103
107
93
105
107
109
109
108
108
104
102
102
103
106
106
108
108
107
106
105
103
102
104
105
107
106
108
106
108
123
100
100
101
106
106
108
101
106
105
103
101
101
102
105
111
106
108
106
106
103
102
101
108
104
105
107
107
103
119
124
101
101
103
105
106
107
108
108
107
105
103
103
105
107
107
108
109
108
108
104
103
104
106
106
108
95
129
106
105
75
90
101
104
106
107
107
109
84
106
103
102
102
110
106
107
86
109
108
105
103
102
104
108
106
108
105
108
107
105
103
101
102
104
106
106
107
107
107
106
103
102
103
104
106
106
106
107
105
104
103
103
103
105
97
106
108
106
106
104
102
101
103
105
106
107
107
108
106
105
103
102
104
105
106
107
108
107
106
104
92
93
104
106
107
107
108
108
108
106
103
103
104
106
107
109
108
107
107
105
103
102
104
106
108
106
108
90
105
103
101
102
103
105
107
108
108
101
107
104
100
101
104
105
106
106
107
108
106
131
99
102
104
105
111
117
108
106
105
103
102
102
104
106
108
108
108
107
105
101
101
103
105
106
107
108
108
106
106
103
103
102
104
106
109
118
108
107
112
96
102
103
105
106
107
107
113
106
106
103
103
110
105
107
108
108
108
107
106
104
103
104
108
111
106
108
108
106
105
102
102
103
105
107
107
107
107
106
104
102
102
103
105
106
107
108
106
105
116
102
101
129
