135
133
139
142
144
144
145
142
138
135
137
139
142
144
145
139
141
137
137
139
141
143
145
144
143
139
135
137
143
141
145
145
146
143
138
136
138
140
143
144
144
144
140
137
137
139
141
144
146
145
142
138
137
138
141
144
147
145
144
141
137
137
143
142
144
145
146
144
139
136
136
138
141
144
145
145
142
139
137
138
141
144
146
146
144
141
133
136
138
141
143
144
143
142
139
136
137
140
142
144
144
143
141
128
136
139
146
143
145
145
140
140
137
136
139
141
143
172
144
143
139
136
137
140
143
145
146
145
142
138
137
138
140
145
145
145
144
140
138
157
140
143
160
146
145
142
138
137
138
140
143
145
146
145
141
137
137
138
132
146
137
144
142
139
139
139
139
142
144
145
144
141
137
135
138
140
143
144
145
143
140
136
137
139
135
144
143
144
142
139
136
137
140
142
133
145
150
141
137
136
139
141
144
146
146
145
141
137
137
139
142
145
145
143
143
139
130
167
140
142
145
146
145
142
138
138
139
143
145
146
146
143
140
137
138
139
142
144
145
144
142
138
136
137
141
143
144
144
125
140
137
137
134
135
144
145
144
144
139
135
137
140
142
145
146
144
142
138
138
139
137
140
146
145
176
140
136
138
139
143
145
146
144
144
117
137
138
141
143
144
145
144
143
138
138
139
141
145
146
145
144
140
138
139
140
143
145
142
144
142
138
136
137
140
143
146
145
144
141
137
137
139
143
143
145
145
144
138
143
124
140
142
145
145
143
143
138
134
138
141
143
144
144
144
140
136
136
139
142
144
145
144
142
139
136
136
139
142
146
145
145
142
138
139
149
150
145
146
145
143
140
136
136
139
142
144
147
144
143
139
137
138
134
137
146
145
145
141
137
136
137
141
144
142
145
143
140
136
138
140
143
144
144
143
141
137
136
136
140
141
143
143
142
134
136
136
140
131
158
124
144
143
139
137
137
140
144
146
146
145
142
138
136
138
141
144
146
144
144
140
137
138
140
144
144
145
146
145
139
136
137
140
143
145
145
144
141
137
136
139
141
144
145
145
143
139
137
137
113
143
145
145
144
142
139
134
138
139
143
145
146
144
141
137
137
140
142
144
146
145
141
140
136
134
139
144
145
145
145
141
137
136
135
141
143
146
144
144
140
137
136
139
142
144
145
144
143
138
137
137
141
138
145
146
146
144
138
138
140
130
145
146
145
143
140
137
137
141
142
146
146
145
144
139
137
139
140
143
145
144
146
142
136
136
138
141
147
144
145
142
139
136
137
139
142
144
146
144
142
137
144
138
140
143
146
145
142
140
137
136
139
142
144
145
145
120
140
144
137
141
142
144
145
144
142
138
137
139
142
144
148
146
144
116
138
140
140
142
145
146
145
143
139
137
138
141
143
140
146
145
142
138
137
139
142
145
146
144
142
139
136
137
144
143
145
145
145
144
139
142
145
141
143
144
145
144
140
138
136
140
142
144
144
144
143
139
136
139
141
143
145
145
139
142
137
134
138
142
143
145
145
144
139
137
137
137
142
144
145
145
143
139
137
139
142
144
146
177
144
142
138
137
139
141
135
145
146
136
130
138
137
140
142
145
147
144
142
138
137
138
140
142
144
137
141
142
157
136
138
141
145
144
144
144
139
137
136
107
142
144
140
144
142
138
136
138
141
144
144
145
144
141
145
137
140
143
145
147
145
150
139
137
147
140
142
144
144
145
141
138
136
138
142
144
147
145
145
141
137
138
139
143
146
142
159
141
139
137
138
140
144
145
155
144
172
138
137
138
142
143
145
144
143
139
137
138
141
143
144
145
