145
134
144
142
136
135
137
140
142
145
143
143
140
136
136
138
141
143
145
144
141
147
136
137
147
143
144
142
143
142
138
137
138
141
143
144
145
143
140
136
136
140
142
144
146
145
144
139
137
119
140
143
144
145
144
141
144
136
138
152
134
145
145
144
140
137
137
139
143
144
146
144
142
138
136
138
138
144
143
144
142
139
137
136
139
141
143
146
143
158
138
136
138
138
142
143
145
144
141
137
135
137
140
142
140
144
143
140
136
137
139
136
144
145
161
142
138
136
137
140
142
146
146
145
142
138
137
138
142
144
145
145
144
141
147
111
137
144
145
145
146
143
139
137
138
141
144
145
146
143
141
137
136
138
141
143
158
144
142
161
135
137
140
142
144
145
137
141
138
138
152
165
143
144
144
143
139
135
135
138
141
144
145
144
144
141
137
137
131
144
144
133
144
142
139
137
140
142
144
146
145
132
140
137
138
140
162
145
146
145
142
139
136
137
140
143
145
145
145
141
137
138
138
141
141
136
145
142
139
135
137
140
142
144
145
144
142
138
135
137
140
143
145
145
142
143
135
137
140
141
145
145
145
143
139
141
137
142
142
145
145
146
141
138
136
137
142
144
145
146
144
140
137
137
139
141
144
145
144
141
136
139
149
140
144
145
146
145
141
138
137
139
142
144
144
145
143
138
138
149
138
148
145
145
144
142
138
137
128
140
145
145
145
143
140
136
136
139
142
143
145
144
142
138
136
136
139
142
144
166
140
141
137
136
139
144
126
145
145
142
141
137
137
139
142
145
146
145
142
139
136
137
140
143
145
145
161
141
143
136
138
141
144
151
150
144
141
137
137
140
140
144
145
145
143
138
138
138
141
144
145
145
144
140
137
136
140
142
144
144
145
144
125
136
138
140
142
144
144
143
140
137
135
138
141
143
145
143
143
139
136
135
138
141
143
145
144
141
139
136
137
140
142
144
145
144
142
139
138
140
141
144
145
144
144
140
137
137
127
143
145
145
145
142
139
137
137
141
144
148
144
144
140
137
137
139
142
146
144
145
143
139
135
136
139
141
150
146
146
157
137
136
138
142
143
144
143
143
140
136
136
139
142
144
144
144
142
138
135
138
140
142
144
144
144
142
138
135
136
140
143
146
148
143
140
129
136
139
142
143
145
144
142
138
136
138
141
143
146
146
142
141
139
139
138
141
143
145
131
144
139
136
137
139
142
144
145
145
130
138
136
138
140
143
145
145
143
139
136
136
139
142
144
145
145
143
141
137
135
123
142
145
145
144
141
137
136
139
141
143
145
144
142
140
136
136
140
141
145
136
152
143
132
137
138
139
144
145
145
144
141
137
134
138
142
144
146
170
143
141
137
137
140
143
145
145
145
142
138
136
138
141
144
145
146
138
140
137
136
138
143
144
145
144
142
138
136
138
138
141
146
143
144
139
153
135
139
123
144
144
145
143
139
137
140
140
142
146
145
144
142
138
137
137
140
143
145
144
144
130
136
136
138
141
144
146
151
144
141
135
146
139
143
145
145
145
144
139
137
139
141
144
145
145
143
140
135
137
138
139
128
142
144
142
139
137
137
139
142
148
145
146
141
137
135
138
141
143
145
144
143
140
136
135
143
141
144
144
145
142
138
137
137
139
143
148
134
167
141
138
135
138
141
143
144
145
142
140
136
136
140
143
145
146
150
151
141
138
138
142
144
146
146
144
141
137
138
140
143
145
145
147
143
140
138
138
140
142
144
145
144
141
137
135
137
121
143
145
142
143
141
124
137
139
141
144
146
144
143
139
136
137
140
142
144
144
144
141
136
134
